365,689 226,736 197,696 170,640 134,554 365,689 
365,689 451,816 415,837 390,949 415,989 365,689 
365,689 299,531 202,467 128,436 94,442 365,689 
365,689 568,742 615,750 635,794 679,864 365,689 
365,689 546,806 575,871 475,957 365,689 
365,689 425,473 487,497 597,461 365,689 
365,689 576,587 579,587 584,572 634,540 365,689 
365,689 615,630 685,613 365,689 
365,689 113,782 107,836 365,689 
365,689 274,943 176,991 119,923 365,689 
365,689 688,588 708,522 658,510 365,689 
365,689 627,472 679,426 702,440 365,689 
365,689 106,913 29,910 47,512 146,180 365,689 
365,689 458,354 461,270 598,322 365,689 
365,689 664,396 656,369 635,356 678,342 365,689 
365,689 772,803 739,898 750,977 365,689 
365,689 707,410 717,412 728,372 729,372 365,689 
365,689 615,300 616,299 658,261 365,689 
365,689 851,677 852,563 873,487 801,405 365,689 
365,689 726,363 688,274 704,236 365,689 
365,689 833,912 861,948 365,689 
365,689 303,168 302,129 311,116 322,96 365,689 
365,689 254,135 260,107 268,97 365,689 
365,689 866,970 893,987 927,972 365,689 
365,689 199,135 258,42 365,689 
365,689 941,601 994,804 985,877 954,950 365,689 
365,689 406,64 356,39 346,29 365,689 
365,689 812,228 827,233 365,689 
365,689 332,45 318,21 365,689 
365,689 643,90 797,95 792,5 931,23 365,689 
365,689 75,79 912,173 916,176 365,689 
365,689 977,176 365,689 
