365,689 107,836 29,910 106,913 365,689 
365,689 415,837 475,957 415,989 390,949 365,689 
365,689 202,467 146,180 260,107 268,97 365,689 
365,689 739,898 772,803 615,750 365,689 
365,689 568,742 635,794 575,871 365,689 
365,689 425,473 487,497 365,689 
365,689 851,677 941,601 873,487 852,563 685,613 365,689 
365,689 451,816 365,689 
365,689 128,436 94,442 47,512 365,689 
365,689 274,943 176,991 119,923 365,689 
365,689 916,176 912,173 299,531 365,689 
365,689 635,356 656,369 664,396 365,689 
365,689 616,299 615,300 598,322 365,689 
365,689 170,640 134,554 365,689 
365,689 658,261 704,236 688,274 678,342 365,689 
365,689 615,630 546,806 365,689 
365,689 707,410 729,372 728,372 717,412 365,689 
365,689 688,588 708,522 658,510 365,689 
365,689 679,426 726,363 977,176 801,405 365,689 
365,689 197,696 113,782 226,736 365,689 
365,689 833,912 861,948 365,689 
365,689 303,168 302,129 311,116 258,42 365,689 
365,689 406,64 356,39 254,135 365,689 
365,689 679,864 927,972 893,987 866,970 750,977 365,689 
365,689 75,79 199,135 365,689 
365,689 994,804 985,877 954,950 365,689 
365,689 458,354 461,270 365,689 
365,689 702,440 827,233 812,228 365,689 
365,689 634,540 627,472 597,461 365,689 
365,689 643,90 792,5 931,23 797,95 365,689 
365,689 332,45 346,29 318,21 322,96 365,689 
365,689 584,572 579,587 576,587 365,689 
